test_0:
            time  call_count_in  call_count_out  response_time_avg
297   1530192600           3024          2183.0      215694.265625
347   1530196200           3520          2481.0      226560.156250
455   1530203400           3544          2511.0      207595.218750
510   1530207000           3608          2536.0      207435.250000
562   1530210600           2849          2000.0      190753.578125
624   1530214200           3333          2361.0      189323.656250
678   1530217800           3468          2436.0      230065.843750
831   1530228600           3153          2197.0      188516.609375
1011  1530243000           2798          2034.0      278116.750000
1095  1530250200           3094          2229.0      228249.328125
1123  1530253800           2595          1827.0      268606.906250
1166  1530261000           2826          2030.0      293068.156250
1211  1530268200           3195          2268.0      193556.203125


test_0:
            time  call_count_in  call_count_out  response_time_avg
297   1530192600           3024          2183.0      215694.265625
347   1530196200           3520          2481.0      226560.156250
455   1530203400           3544          2511.0      207595.218750
510   1530207000           3608          2536.0      207435.250000
562   1530210600           2849          2000.0      190753.578125
624   1530214200           3333          2361.0      189323.656250
678   1530217800           3468          2436.0      230065.843750
831   1530228600           3153          2197.0      188516.609375
1011  1530243000           2798          2034.0      278116.750000
1095  1530250200           3094          2229.0      228249.328125
1123  1530253800           2595          1827.0      268606.906250
1166  1530261000           2826          2030.0      293068.156250
1211  1530268200           3195          2268.0      193556.203125


test_0:
            time  call_count_in  call_count_out  response_time_avg
297   1530192600           3024          2183.0      215694.265625
347   1530196200           3520          2481.0      226560.156250
454   1530203400           3544          2511.0      207595.218750
505   1530207000           3608          2536.0      207435.250000
611   1530214200           3333          2361.0      189323.656250
661   1530217800           3468          2436.0      230065.843750
813   1530228600           3153          2197.0      188516.609375
993   1530243000           2798          2034.0      278116.750000
1077  1530250200           3094          2229.0      228249.328125
1119  1530253800           2595          1827.0      268606.906250
1166  1530257400           2694          1897.0      268030.125000
1206  1530261000           2826          2030.0      293068.156250
1250  1530264600           2768          1980.0      252322.671875
1297  1530268200           3195          2268.0      193556.203125


test_0:
            time  call_count_in  call_count_out  response_time_avg
297   1530192600           3024          2183.0      215694.265625
347   1530196200           3520          2481.0      226560.156250
454   1530203400           3544          2511.0      207595.218750
505   1530207000           3608          2536.0      207435.250000
611   1530214200           3333          2361.0      189323.656250
661   1530217800           3468          2436.0      230065.843750
813   1530228600           3153          2197.0      188516.609375
993   1530243000           2798          2034.0      278116.750000
1077  1530250200           3094          2229.0      228249.328125
1119  1530253800           2595          1827.0      268606.906250
1166  1530257400           2694          1897.0      268030.125000
1206  1530261000           2826          2030.0      293068.156250
1250  1530264600           2768          1980.0      252322.671875
1297  1530268200           3195          2268.0      193556.203125


test_0:
            time  call_count_in  call_count_out  response_time_avg
297   1530192600           3024          2183.0      215694.265625
347   1530196200           3520          2481.0      226560.156250
454   1530203400           3544          2511.0      207595.218750
505   1530207000           3608          2536.0      207435.250000
611   1530214200           3333          2361.0      189323.656250
661   1530217800           3468          2436.0      230065.843750
813   1530228600           3153          2197.0      188516.609375
993   1530243000           2798          2034.0      278116.750000
1077  1530250200           3094          2229.0      228249.328125
1119  1530253800           2595          1827.0      268606.906250
1166  1530257400           2694          1897.0      268030.125000
1206  1530261000           2826          2030.0      293068.156250
1250  1530264600           2768          1980.0      252322.671875
1297  1530268200           3195          2268.0      193556.203125


test_0:
            time  call_count_in  call_count_out  response_time_avg
297   1530192600           3024          2183.0      215694.265625
347   1530196200           3520          2481.0      226560.156250
454   1530203400           3544          2511.0      207595.218750
505   1530207000           3608          2536.0      207435.250000
611   1530214200           3333          2361.0      189323.656250
661   1530217800           3468          2436.0      230065.843750
813   1530228600           3153          2197.0      188516.609375
993   1530243000           2798          2034.0      278116.750000
1077  1530250200           3094          2229.0      228249.328125
1119  1530253800           2595          1827.0      268606.906250
1166  1530257400           2694          1897.0      268030.125000
1206  1530261000           2826          2030.0      293068.156250
1250  1530264600           2768          1980.0      252322.671875
1297  1530268200           3195          2268.0      193556.203125


test_0:
            time  call_count_in  call_count_out  response_time_avg
297   1530192600           3024          2183.0      215694.265625
347   1530196200           3520          2481.0      226560.156250
454   1530203400           3544          2511.0      207595.218750
505   1530207000           3608          2536.0      207435.250000
611   1530214200           3333          2361.0      189323.656250
661   1530217800           3468          2436.0      230065.843750
813   1530228600           3153          2197.0      188516.609375
993   1530243000           2798          2034.0      278116.750000
1077  1530250200           3094          2229.0      228249.328125
1119  1530253800           2595          1827.0      268606.906250
1166  1530257400           2694          1897.0      268030.125000
1206  1530261000           2826          2030.0      293068.156250
1250  1530264600           2768          1980.0      252322.671875
1297  1530268200           3195          2268.0      193556.203125


test_0:
            time  call_count_in  call_count_out  response_time_avg
297   1530192600           3024          2183.0      215694.265625
347   1530196200           3520          2481.0      226560.156250
454   1530203400           3544          2511.0      207595.218750
505   1530207000           3608          2536.0      207435.250000
611   1530214200           3333          2361.0      189323.656250
661   1530217800           3468          2436.0      230065.843750
813   1530228600           3153          2197.0      188516.609375
993   1530243000           2798          2034.0      278116.750000
1077  1530250200           3094          2229.0      228249.328125
1119  1530253800           2595          1827.0      268606.906250
1166  1530257400           2694          1897.0      268030.125000
1206  1530261000           2826          2030.0      293068.156250
1250  1530264600           2768          1980.0      252322.671875
1297  1530268200           3195          2268.0      193556.203125


