test_0:
            time  call_count_in  call_count_out  response_time_avg
117   1530166875              1             2.0       284918.00000
118   1530166890              1             2.0       284918.00000
202   1530178290            251           180.0       284393.34375
259   1530188700            495           365.0       285578.62500
268   1530190500            449           329.0       280664.50000
468   1530204210            187           133.0       284578.75000
822   1530227925             59            42.0       280846.81250
966   1530239115            125            92.0       281312.71875
1014  1530243330            342           254.0       285176.34375
1064  1530247710            156           111.0       284283.71875
1124  1530253830            247           178.0       281594.71875
1143  1530257100            611           430.0       286277.56250


test_0:
           time  call_count_in  call_count_out  response_time_avg
31   1530149400              5        2.000000       6.630427e+05
85   1530161175              1        6.375000       7.099870e+05
86   1530161190              1        5.750000       7.099870e+05
163  1530172815             12        8.000000       8.315812e+05
164  1530172830             12        8.000000       8.315812e+05
165  1530173100             13        8.000000       7.519522e+05
173  1530174015              3        2.000000       8.832890e+05
174  1530174030              3        2.000000       8.832890e+05
175  1530174300              3        2.000000       8.832890e+05
194  1530177135              1       25.428571       6.921430e+05
195  1530177150              1       29.714286       6.921430e+05
626  1530214515              3        3.000000       1.779227e+06


test_0:
           time  call_count_in  call_count_out  response_time_avg
76   1530159615              3             2.0      102799.000000
99   1530163215              6             4.0      107018.500000
100  1530163230             12             8.0       99919.250000
101  1530163245              6             4.0       92820.000000
102  1530163500             12             8.0       99919.250000
106  1530164445              3             2.0       96550.000000
110  1530165645             12             8.0      115179.750000
186  1530176415              3             2.0       98269.000000
187  1530176430              6             4.0       93554.000000
188  1530176445              3             2.0       88839.000000
531  1530209070            378           272.0       33027.949219
532  1530209085            378           272.0       33027.949219
579  1530212265              6             4.0      120287.500000


test_0:
            time  call_count_in  call_count_out  response_time_avg
83    1530160845              3        3.000000       4.110260e+05
84    1530161100             12        7.000000       4.109160e+05
190   1530176790              1        8.285714       4.001710e+05
191   1530176805              1       12.571429       4.001710e+05
237   1530186810            123       92.000000       4.029238e+05
543   1530210135             89       67.000000       4.037549e+05
612   1530214515              3        3.000000       1.779227e+06
958   1530239955             88       63.000000       3.887459e+05
998   1530243375            142      107.000000       4.114507e+05
999   1530243390            142      107.000000       4.114507e+05
1017  1530245265            310      240.000000       3.854985e+05
1203  1530260955            160      111.000000       4.014664e+05
1211  1530261510            299      213.000000       3.890017e+05


test_0:
           time  call_count_in  call_count_out  response_time_avg
37   1530150735              1             2.5       1.069827e+06
38   1530150750              1             3.0       1.069827e+06
39   1530150900              1             3.5       1.069827e+06
163  1530172815             12             8.0       8.315812e+05
164  1530172830             12             8.0       8.315812e+05
173  1530174015              3             2.0       8.832890e+05
174  1530174030              3             2.0       8.832890e+05
175  1530174300              3             2.0       8.832890e+05
326  1530194595             30            23.0       9.716073e+05
482  1530205455              3             2.0       1.105517e+06
483  1530205470              3             2.0       1.105517e+06
612  1530214515              3             3.0       1.779227e+06
643  1530216675             22            16.0       8.883507e+05


test_0:
            time  call_count_in  call_count_out  response_time_avg
117   1530166875              1             2.0       284918.00000
118   1530166890              1             2.0       284918.00000
202   1530178290            251           180.0       284393.34375
259   1530188700            495           365.0       285578.62500
466   1530204210            187           133.0       284578.75000
804   1530227925             59            42.0       280846.81250
948   1530239115            125            92.0       281312.71875
996   1530243330            342           254.0       285176.34375
1046  1530247710            156           111.0       284283.71875
1104  1530252405            163           114.0       284375.62500
1121  1530253830            247           178.0       281594.71875
1160  1530257100            611           430.0       286277.56250
1304  1530268695            136            94.0       284317.12500


test_0:
           time  call_count_in  call_count_out  response_time_avg
105  1530164430             15            10.0       1.812854e+05
107  1530164700             15            10.0       1.812854e+05
163  1530172815             12             8.0       8.315812e+05
164  1530172830             12             8.0       8.315812e+05
612  1530214515              3             3.0       1.779227e+06
630  1530215565            199           140.0       1.817984e+05
640  1530216285            193           130.0       1.816808e+05
693  1530219975             97            66.0       1.806790e+05
724  1530221925            266           179.0       1.809020e+05
746  1530224130            299           208.0       1.812511e+05
810  1530228300            357           249.0       1.809300e+05
855  1530231285            118            82.0       1.814636e+05
873  1530232530            287           202.0       1.809218e+05


test_0:
           time  call_count_in  call_count_out  response_time_avg
76   1530159615              3             2.0      102799.000000
99   1530163215              6             4.0      107018.500000
100  1530163230             12             8.0       99919.250000
101  1530163245              6             4.0       92820.000000
102  1530163500             12             8.0       99919.250000
106  1530164445              3             2.0       96550.000000
110  1530165645             12             8.0      115179.750000
186  1530176415              3             2.0       98269.000000
187  1530176430              6             4.0       93554.000000
188  1530176445              3             2.0       88839.000000
531  1530209070            378           272.0       33027.949219
532  1530209085            378           272.0       33027.949219
579  1530212265              6             4.0      120287.500000


