test_0:
            time  call_count_in  call_count_out  response_time_avg
117   1530166875              1             2.0       284918.00000
118   1530166890              1             2.0       284918.00000
202   1530178290            251           180.0       284393.34375
259   1530188700            495           365.0       285578.62500
268   1530190500            449           329.0       280664.50000
468   1530204210            187           133.0       284578.75000
822   1530227925             59            42.0       280846.81250
966   1530239115            125            92.0       281312.71875
1014  1530243330            342           254.0       285176.34375
1064  1530247710            156           111.0       284283.71875
1124  1530253830            247           178.0       281594.71875
1143  1530257100            611           430.0       286277.56250


test_1:
            time  call_count_in  call_count_out  response_time_avg
117   1530166875              1             2.0       284918.00000
118   1530166890              1             2.0       284918.00000
202   1530178290            251           180.0       284393.34375
259   1530188700            495           365.0       285578.62500
268   1530190500            449           329.0       280664.50000
468   1530204210            187           133.0       284578.75000
822   1530227925             59            42.0       280846.81250
966   1530239115            125            92.0       281312.71875
1014  1530243330            342           254.0       285176.34375
1064  1530247710            156           111.0       284283.71875
1124  1530253830            247           178.0       281594.71875
1143  1530257100            611           430.0       286277.56250


test_2:
            time  call_count_in  call_count_out  response_time_avg
117   1530166875              1             2.0       284918.00000
118   1530166890              1             2.0       284918.00000
202   1530178290            251           180.0       284393.34375
259   1530188700            495           365.0       285578.62500
268   1530190500            449           329.0       280664.50000
468   1530204210            187           133.0       284578.75000
822   1530227925             59            42.0       280846.81250
966   1530239115            125            92.0       281312.71875
1014  1530243330            342           254.0       285176.34375
1064  1530247710            156           111.0       284283.71875
1124  1530253830            247           178.0       281594.71875
1143  1530257100            611           430.0       286277.56250


test_3:
            time  call_count_in  call_count_out  response_time_avg
117   1530166875              1             2.0       284918.00000
118   1530166890              1             2.0       284918.00000
202   1530178290            251           180.0       284393.34375
259   1530188700            495           365.0       285578.62500
268   1530190500            449           329.0       280664.50000
468   1530204210            187           133.0       284578.75000
822   1530227925             59            42.0       280846.81250
966   1530239115            125            92.0       281312.71875
1014  1530243330            342           254.0       285176.34375
1064  1530247710            156           111.0       284283.71875
1124  1530253830            247           178.0       281594.71875
1143  1530257100            611           430.0       286277.56250


test_4:
            time  call_count_in  call_count_out  response_time_avg
117   1530166875              1             2.0       284918.00000
118   1530166890              1             2.0       284918.00000
202   1530178290            251           180.0       284393.34375
259   1530188700            495           365.0       285578.62500
268   1530190500            449           329.0       280664.50000
468   1530204210            187           133.0       284578.75000
822   1530227925             59            42.0       280846.81250
966   1530239115            125            92.0       281312.71875
1014  1530243330            342           254.0       285176.34375
1064  1530247710            156           111.0       284283.71875
1124  1530253830            247           178.0       281594.71875
1143  1530257100            611           430.0       286277.56250


test_5:
            time  call_count_in  call_count_out  response_time_avg
117   1530166875              1             2.0       284918.00000
118   1530166890              1             2.0       284918.00000
202   1530178290            251           180.0       284393.34375
259   1530188700            495           365.0       285578.62500
268   1530190500            449           329.0       280664.50000
468   1530204210            187           133.0       284578.75000
822   1530227925             59            42.0       280846.81250
966   1530239115            125            92.0       281312.71875
1014  1530243330            342           254.0       285176.34375
1064  1530247710            156           111.0       284283.71875
1124  1530253830            247           178.0       281594.71875
1143  1530257100            611           430.0       286277.56250


test_6:
            time  call_count_in  call_count_out  response_time_avg
117   1530166875              1             2.0       284918.00000
118   1530166890              1             2.0       284918.00000
202   1530178290            251           180.0       284393.34375
259   1530188700            495           365.0       285578.62500
268   1530190500            449           329.0       280664.50000
468   1530204210            187           133.0       284578.75000
822   1530227925             59            42.0       280846.81250
966   1530239115            125            92.0       281312.71875
1014  1530243330            342           254.0       285176.34375
1064  1530247710            156           111.0       284283.71875
1124  1530253830            247           178.0       281594.71875
1143  1530257100            611           430.0       286277.56250


test_7:
            time  call_count_in  call_count_out  response_time_avg
117   1530166875              1             2.0       284918.00000
118   1530166890              1             2.0       284918.00000
202   1530178290            251           180.0       284393.34375
259   1530188700            495           365.0       285578.62500
268   1530190500            449           329.0       280664.50000
468   1530204210            187           133.0       284578.75000
822   1530227925             59            42.0       280846.81250
966   1530239115            125            92.0       281312.71875
1014  1530243330            342           254.0       285176.34375
1064  1530247710            156           111.0       284283.71875
1124  1530253830            247           178.0       281594.71875
1143  1530257100            611           430.0       286277.56250


test_8:
            time  call_count_in  call_count_out  response_time_avg
117   1530166875              1             2.0       284918.00000
118   1530166890              1             2.0       284918.00000
202   1530178290            251           180.0       284393.34375
259   1530188700            495           365.0       285578.62500
268   1530190500            449           329.0       280664.50000
468   1530204210            187           133.0       284578.75000
822   1530227925             59            42.0       280846.81250
966   1530239115            125            92.0       281312.71875
1014  1530243330            342           254.0       285176.34375
1064  1530247710            156           111.0       284283.71875
1124  1530253830            247           178.0       281594.71875
1143  1530257100            611           430.0       286277.56250


test_9:
            time  call_count_in  call_count_out  response_time_avg
117   1530166875              1             2.0       284918.00000
118   1530166890              1             2.0       284918.00000
202   1530178290            251           180.0       284393.34375
259   1530188700            495           365.0       285578.62500
268   1530190500            449           329.0       280664.50000
468   1530204210            187           133.0       284578.75000
822   1530227925             59            42.0       280846.81250
966   1530239115            125            92.0       281312.71875
1014  1530243330            342           254.0       285176.34375
1064  1530247710            156           111.0       284283.71875
1124  1530253830            247           178.0       281594.71875
1143  1530257100            611           430.0       286277.56250


