test_0:
           time  call_count_in  call_count_out  response_time_avg
37   1530150735              1             2.5       1.069827e+06
38   1530150750              1             3.0       1.069827e+06
101  1530163245              6             4.0       9.282000e+04
106  1530164445              3             2.0       9.655000e+04
187  1530176430              6             4.0       9.355400e+04
188  1530176445              3             2.0       8.883900e+04
347  1530196200           3520          2481.0       2.265602e+05
455  1530203400           3544          2511.0       2.075952e+05
485  1530205455              3             2.0       1.105517e+06
486  1530205470              3             2.0       1.105517e+06
510  1530207000           3608          2536.0       2.074352e+05
626  1530214515              3             3.0       1.779227e+06
678  1530217800           3468          2436.0       2.300658e+05


test_0:
           time  call_count_in  call_count_out  response_time_avg
37   1530150735              1             2.5       1.069827e+06
38   1530150750              1             3.0       1.069827e+06
39   1530150900              1             3.5       1.069827e+06
101  1530163245              6             4.0       9.282000e+04
187  1530176430              6             4.0       9.355400e+04
188  1530176445              3             2.0       8.883900e+04
347  1530196200           3520          2481.0       2.265602e+05
454  1530203400           3544          2511.0       2.075952e+05
482  1530205455              3             2.0       1.105517e+06
483  1530205470              3             2.0       1.105517e+06
505  1530207000           3608          2536.0       2.074352e+05
611  1530214200           3333          2361.0       1.893237e+05
612  1530214515              3             3.0       1.779227e+06
661  1530217800           3468          2436.0       2.300658e+05


test_0:
           time  call_count_in  call_count_out  response_time_avg
37   1530150735              1             2.5       1.069827e+06
38   1530150750              1             3.0       1.069827e+06
39   1530150900              1             3.5       1.069827e+06
101  1530163245              6             4.0       9.282000e+04
187  1530176430              6             4.0       9.355400e+04
188  1530176445              3             2.0       8.883900e+04
347  1530196200           3520          2481.0       2.265602e+05
454  1530203400           3544          2511.0       2.075952e+05
482  1530205455              3             2.0       1.105517e+06
483  1530205470              3             2.0       1.105517e+06
505  1530207000           3608          2536.0       2.074352e+05
611  1530214200           3333          2361.0       1.893237e+05
612  1530214515              3             3.0       1.779227e+06
661  1530217800           3468          2436.0       2.300658e+05


test_0:
               datetime  call_count_in  call_count_out  response_time_avg
37  2018-06-28 01:52:15              1             2.5       1.069827e+06
38  2018-06-28 01:52:30              1             3.0       1.069827e+06
39  2018-06-28 01:55:00              1             3.5       1.069827e+06
101 2018-06-28 05:20:45              6             4.0       9.282000e+04
187 2018-06-28 09:00:30              6             4.0       9.355400e+04
188 2018-06-28 09:00:45              3             2.0       8.883900e+04
347 2018-06-28 14:30:00           3520          2481.0       2.265602e+05
454 2018-06-28 16:30:00           3544          2511.0       2.075952e+05
482 2018-06-28 17:04:15              3             2.0       1.105517e+06
483 2018-06-28 17:04:30              3             2.0       1.105517e+06
505 2018-06-28 17:30:00           3608          2536.0       2.074352e+05
611 2018-06-28 19:30:00           3333          2361.0       1.893237e+05
612 2018-06-28 19:35:15              3             3.0       1.779227e+06
661 2018-06-28 20:30:00           3468          2436.0       2.300658e+05


test_0:
               datetime  call_count_in  call_count_out  response_time_avg
37  2018-06-28 01:52:15              1             2.5       1.069827e+06
38  2018-06-28 01:52:30              1             3.0       1.069827e+06
39  2018-06-28 01:55:00              1             3.5       1.069827e+06
101 2018-06-28 05:20:45              6             4.0       9.282000e+04
187 2018-06-28 09:00:30              6             4.0       9.355400e+04
188 2018-06-28 09:00:45              3             2.0       8.883900e+04
347 2018-06-28 14:30:00           3520          2481.0       2.265602e+05
454 2018-06-28 16:30:00           3544          2511.0       2.075952e+05
482 2018-06-28 17:04:15              3             2.0       1.105517e+06
483 2018-06-28 17:04:30              3             2.0       1.105517e+06
505 2018-06-28 17:30:00           3608          2536.0       2.074352e+05
611 2018-06-28 19:30:00           3333          2361.0       1.893237e+05
612 2018-06-28 19:35:15              3             3.0       1.779227e+06
661 2018-06-28 20:30:00           3468          2436.0       2.300658e+05


test_0:
               datetime  call_count_in  call_count_out  response_time_avg
37  2018-06-28 01:52:15              1             2.5       1.069827e+06
38  2018-06-28 01:52:30              1             3.0       1.069827e+06
39  2018-06-28 01:55:00              1             3.5       1.069827e+06
101 2018-06-28 05:20:45              6             4.0       9.282000e+04
187 2018-06-28 09:00:30              6             4.0       9.355400e+04
188 2018-06-28 09:00:45              3             2.0       8.883900e+04
347 2018-06-28 14:30:00           3520          2481.0       2.265602e+05
454 2018-06-28 16:30:00           3544          2511.0       2.075952e+05
482 2018-06-28 17:04:15              3             2.0       1.105517e+06
483 2018-06-28 17:04:30              3             2.0       1.105517e+06
505 2018-06-28 17:30:00           3608          2536.0       2.074352e+05
611 2018-06-28 19:30:00           3333          2361.0       1.893237e+05
612 2018-06-28 19:35:15              3             3.0       1.779227e+06
661 2018-06-28 20:30:00           3468          2436.0       2.300658e+05


test_0:
               datetime  call_count_in  call_count_out  response_time_avg
37  2018-06-28 01:52:15              1             2.5       1.069827e+06
38  2018-06-28 01:52:30              1             3.0       1.069827e+06
39  2018-06-28 01:55:00              1             3.5       1.069827e+06
101 2018-06-28 05:20:45              6             4.0       9.282000e+04
187 2018-06-28 09:00:30              6             4.0       9.355400e+04
188 2018-06-28 09:00:45              3             2.0       8.883900e+04
347 2018-06-28 14:30:00           3520          2481.0       2.265602e+05
454 2018-06-28 16:30:00           3544          2511.0       2.075952e+05
482 2018-06-28 17:04:15              3             2.0       1.105517e+06
483 2018-06-28 17:04:30              3             2.0       1.105517e+06
505 2018-06-28 17:30:00           3608          2536.0       2.074352e+05
611 2018-06-28 19:30:00           3333          2361.0       1.893237e+05
612 2018-06-28 19:35:15              3             3.0       1.779227e+06
661 2018-06-28 20:30:00           3468          2436.0       2.300658e+05


test_0:
               datetime  call_count_in  call_count_out  response_time_avg
37  2018-06-28 01:52:15              1             2.5       1.069827e+06
38  2018-06-28 01:52:30              1             3.0       1.069827e+06
39  2018-06-28 01:55:00              1             3.5       1.069827e+06
101 2018-06-28 05:20:45              6             4.0       9.282000e+04
187 2018-06-28 09:00:30              6             4.0       9.355400e+04
188 2018-06-28 09:00:45              3             2.0       8.883900e+04
347 2018-06-28 14:30:00           3520          2481.0       2.265602e+05
454 2018-06-28 16:30:00           3544          2511.0       2.075952e+05
482 2018-06-28 17:04:15              3             2.0       1.105517e+06
483 2018-06-28 17:04:30              3             2.0       1.105517e+06
505 2018-06-28 17:30:00           3608          2536.0       2.074352e+05
611 2018-06-28 19:30:00           3333          2361.0       1.893237e+05
612 2018-06-28 19:35:15              3             3.0       1.779227e+06
661 2018-06-28 20:30:00           3468          2436.0       2.300658e+05


test_0:
               datetime  call_count_in  call_count_out  response_time_avg
37  2018-06-28 01:52:15              1             2.5       1.069827e+06
38  2018-06-28 01:52:30              1             3.0       1.069827e+06
39  2018-06-28 01:55:00              1             3.5       1.069827e+06
101 2018-06-28 05:20:45              6             4.0       9.282000e+04
187 2018-06-28 09:00:30              6             4.0       9.355400e+04
188 2018-06-28 09:00:45              3             2.0       8.883900e+04
347 2018-06-28 14:30:00           3520          2481.0       2.265602e+05
454 2018-06-28 16:30:00           3544          2511.0       2.075952e+05
482 2018-06-28 17:04:15              3             2.0       1.105517e+06
483 2018-06-28 17:04:30              3             2.0       1.105517e+06
505 2018-06-28 17:30:00           3608          2536.0       2.074352e+05
611 2018-06-28 19:30:00           3333          2361.0       1.893237e+05
612 2018-06-28 19:35:15              3             3.0       1.779227e+06
661 2018-06-28 20:30:00           3468          2436.0       2.300658e+05


test_0:
               datetime  call_count_in  call_count_out  response_time_avg
37  2018-06-28 01:52:15              1             2.5       1.069827e+06
38  2018-06-28 01:52:30              1             3.0       1.069827e+06
39  2018-06-28 01:55:00              1             3.5       1.069827e+06
101 2018-06-28 05:20:45              6             4.0       9.282000e+04
187 2018-06-28 09:00:30              6             4.0       9.355400e+04
188 2018-06-28 09:00:45              3             2.0       8.883900e+04
347 2018-06-28 14:30:00           3520          2481.0       2.265602e+05
454 2018-06-28 16:30:00           3544          2511.0       2.075952e+05
482 2018-06-28 17:04:15              3             2.0       1.105517e+06
483 2018-06-28 17:04:30              3             2.0       1.105517e+06
505 2018-06-28 17:30:00           3608          2536.0       2.074352e+05
611 2018-06-28 19:30:00           3333          2361.0       1.893237e+05
612 2018-06-28 19:35:15              3             3.0       1.779227e+06
661 2018-06-28 20:30:00           3468          2436.0       2.300658e+05


test_0:
               datetime  call_count_in  call_count_out  response_time_avg
37  2018-06-28 01:52:15              1             2.5       1.069827e+06
38  2018-06-28 01:52:30              1             3.0       1.069827e+06
39  2018-06-28 01:55:00              1             3.5       1.069827e+06
101 2018-06-28 05:20:45              6             4.0       9.282000e+04
187 2018-06-28 09:00:30              6             4.0       9.355400e+04
188 2018-06-28 09:00:45              3             2.0       8.883900e+04
347 2018-06-28 14:30:00           3520          2481.0       2.265602e+05
454 2018-06-28 16:30:00           3544          2511.0       2.075952e+05
482 2018-06-28 17:04:15              3             2.0       1.105517e+06
483 2018-06-28 17:04:30              3             2.0       1.105517e+06
505 2018-06-28 17:30:00           3608          2536.0       2.074352e+05
611 2018-06-28 19:30:00           3333          2361.0       1.893237e+05
612 2018-06-28 19:35:15              3             3.0       1.779227e+06
661 2018-06-28 20:30:00           3468          2436.0       2.300658e+05


